[gd_scene load_steps=7 format=3 uid="uid://l7sflnexujvt"]

[ext_resource type="PackedScene" uid="uid://usxntfcawidv" path="res://assets/3D/sedan-sports.glb" id="1_hqtel"]
[ext_resource type="Texture2D" uid="uid://bwoocqosrk5if" path="res://assets/2D/shotgun.png" id="2_sweqy"]
[ext_resource type="Texture2D" uid="uid://d3ggpwlb5ulno" path="res://assets/2D/Crosshair Spritesheet 1.png" id="3_2hs0m"]
[ext_resource type="Script" uid="uid://bkmoav7beqep5" path="res://nodes/main/crosshair.gd" id="4_1jxqw"]

[sub_resource type="BoxShape3D" id="BoxShape3D_dnlqt"]
size = Vector3(1.41557, 0.498882, 2.3949)

[sub_resource type="AtlasTexture" id="AtlasTexture_dw050"]
atlas = ExtResource("3_2hs0m")
region = Rect2(208, 106, 64, 64)

[node name="RigidBody3D" type="RigidBody3D"]

[node name="CollisionShape3D" type="CollisionShape3D" parent="."]
transform = Transform3D(1, 0, 0, 0, 1, 0, 0, 0, 1, 0.00824761, 0.466494, -0.089705)
shape = SubResource("BoxShape3D_dnlqt")

[node name="sedan-sports" parent="." instance=ExtResource("1_hqtel")]

[node name="SpotLight3D2" type="SpotLight3D" parent="sedan-sports"]
transform = Transform3D(-0.999778, 0, 0.0210819, 0, 1, 0, -0.0210819, 0, -0.999778, -0.390696, 0.69936, 1.09439)

[node name="SpotLight3D3" type="SpotLight3D" parent="sedan-sports"]
transform = Transform3D(-0.99992, 0, -0.0126184, 0, 1, 0, 0.0126184, 0, -0.99992, 0.402436, 0.69936, 1.11244)

[node name="SpotLight3D4" type="SpotLight3D" parent="sedan-sports"]
transform = Transform3D(-0.943344, 0, -0.331816, -0.127344, 0.923425, 0.362036, 0.306407, 0.38378, -0.871108, -0.390696, 1.5657, -2.23555)

[node name="SpotLight3D5" type="SpotLight3D" parent="sedan-sports"]
transform = Transform3D(-0.844973, 0, 0.53481, 0.207669, 0.921531, 0.328106, -0.492844, 0.388304, -0.778669, 0.402436, 1.19712, -2.47349)
spot_range = 4.68257

[node name="Camera3D" type="Camera3D" parent="."]
transform = Transform3D(-1, -3.55271e-14, -8.74228e-08, -3.90502e-08, 0.894693, 0.446682, 7.82165e-08, 0.446682, -0.894693, 0, 2.21952, -2.352)
current = true
fov = 80.5

[node name="Sprite3D" type="Sprite3D" parent="Camera3D"]
transform = Transform3D(0.14, 0, 1.06581e-14, -2.22045e-15, 0.14, -7.45058e-09, -1.06581e-14, 7.45058e-09, 0.14, 6.65315e-08, -0.507165, -0.761031)
texture = ExtResource("2_sweqy")

[node name="CanvasLayer" type="CanvasLayer" parent="."]
layer = 10

[node name="TextureRect" type="TextureRect" parent="CanvasLayer"]
anchors_preset = 8
anchor_left = 0.5
anchor_top = 0.5
anchor_right = 0.5
anchor_bottom = 0.5
offset_left = -576.0
offset_top = -324.0
offset_right = -512.0
offset_bottom = -260.0
grow_horizontal = 2
grow_vertical = 2
texture = SubResource("AtlasTexture_dw050")
script = ExtResource("4_1jxqw")
metadata/_edit_use_anchors_ = true

[node name="DebugText" type="RichTextLabel" parent="CanvasLayer"]
unique_name_in_owner = true
offset_right = 138.0
offset_bottom = 81.0
scroll_active = false
metadata/_edit_use_anchors_ = true
